Sat. Nov. 17, 2012             LANDSAT 5                 Time: 15:16
                         Image Assessment System
                           GCP Residual Report
----------------------------------------------------------------------------
WOID: L5217831            Path/Row: 170 / 072

L0R Reference Image: L51XXX1084366071600_HDF.123222104
Acquisition Date: Dec 31, 1984

Band Number:  5

GeoCover date for each WRS-2 path/row used:
Path  Row   Date
170   072   2000-09-30


Point_ID      Latitude  Longitude    Height       Across    Along    Residual  Residual
                                                   Scan      Scan      In y      in x
                                                 Residual  Residual    dir       dir
                (deg)     (deg)     (meters)     (meters)  (meters)  (meters)  (meters)

1700720001  -16.572871   30.459491  1037.686       0.554     0.738     0.447     0.807
1700720002  -17.733849   30.232733  1326.333      -5.572     0.891    -5.634     0.121
1700720003  -17.796539   31.106117  1532.847       5.317     2.201     4.955     2.899
1700720005  -17.649699   30.126370  1246.443      -3.333    -0.759    -3.194    -1.206
1700720006  -16.867314   30.655683  1193.207      -3.752    -4.626    -3.075    -5.091
1700720007  -17.892402   29.982447  1029.373       6.628    -0.087     6.573     0.819
1700720009  -17.731527   30.146268  1263.726      -0.082    -1.682     0.149    -1.675
1700720010  -16.674063   30.801449  1276.979       0.363     3.687    -0.148     3.696
1700720013  -17.846328   31.042763  1469.717      -1.256     1.776    -1.484     1.585
1700720014  -17.618901   30.040419  1171.382      -1.831    -0.271    -1.774    -0.518
1700720015  -17.821729   30.377894  1330.512       0.239     1.504     0.031     1.520
1700720018  -17.701988   30.071842  1182.641      -1.328     0.291    -1.354     0.107
1700720019  -17.807361   30.000564  1080.178       2.739     0.864     2.593     1.229
1700720020  -17.835326   29.969836  1073.446       2.776    -2.923     3.147    -2.515
1700720022  -17.889833   30.009082  1071.959       1.836    -6.012     2.638    -5.700
1700720023  -17.852246   30.048744  1081.679      -4.763    -0.242    -4.681    -0.890
1700720024  -17.768256   30.138617  1242.621      -1.147     1.524    -1.342     1.351
1700720026  -17.694014   30.937537  1487.632       4.791    -0.014     4.737     0.640
1700720027  -17.505531   31.145034  1351.901      -1.733     1.503    -1.919     1.249
1700720029  -17.666803   30.073825  1153.903      -5.449    -0.634    -5.305    -1.373
1700720033  -17.854766   30.277828  1259.599      -2.371     2.373    -2.669     2.024
1700720036  -17.885656   30.201813  1192.123       6.723     0.983     6.518     1.890
1700720037  -17.304071   30.264062  1153.383       3.111     0.177     3.054     0.602
1700720039  -17.742425   30.095212  1193.687       1.916    -0.428     1.955    -0.162
1700720040  -16.801516   30.782823  1305.950       0.395     1.269     0.216     1.309
1700720042  -16.906660   30.613253  1091.684      -3.289    -4.439    -2.644    -4.843
1700720044  -18.137049   30.315993  1214.208      -2.368     2.833    -2.729     2.481
1700720045  -16.749797   31.512386   968.867      -1.748     1.386    -1.920     1.131
1700720046  -18.106138   30.256405  1184.633      -4.772    -6.186    -3.880    -6.771
1700720047  -17.776244   30.056215  1148.006      -0.810     6.623    -1.705     6.443
1700720048  -17.794000   30.066103  1136.795      -1.417    -0.262    -1.367    -0.453
1700720049  -17.845108   29.937147  1035.794       2.129    -4.197     2.680    -3.865
1700720052  -16.834972   30.624002  1146.875      -2.012     3.687    -2.497     3.371
1700720055  -16.895422   30.672788  1180.018      -1.399     1.310    -1.564     1.103
1700720058  -17.898464   30.443553  1338.602       4.266     1.901     3.960     2.461
1700720059  -17.901167   31.106708  1505.917      -2.796     4.054    -3.316     3.627
1700720063  -17.286702   30.788940  1426.223       0.375    -1.085     0.520    -1.021
1700720068  -17.690721   30.190719  1296.156       4.722     4.018     4.123     4.620
1700720072  -16.700521   30.270002  1117.881      -0.912     0.521    -0.974     0.390
1700720073  -17.698251   29.898959  1066.036       3.344    -5.906     4.117    -5.389
1700720077  -17.482616   31.217857  1389.468       4.066    -2.532     4.364    -1.948
1700720078  -16.954481   30.719086  1289.442       1.978    -4.643     2.594    -4.319
1700720079  -17.850617   30.030669  1072.913      -0.822    -2.718    -0.443    -2.802
1700720080  -16.734262   30.804416  1316.721      -4.250     2.142    -4.497     1.534
1700720085  -18.031597   31.058006  1407.033      -2.965    -2.971    -2.527    -3.341
1700720091  -16.797183   30.145713  1111.406      -5.277    -1.648    -4.994    -2.358
1700720092  -18.158238   30.651520  1303.236      -1.802    -2.465    -1.447    -2.683
1700720096  -17.559156   30.084879  1226.743       2.149     2.734     1.753     3.000
1700720098  -17.778108   31.050862  1532.259       2.984    -2.811     3.332    -2.372
1700720100  -17.734445   30.032590  1154.666      -0.757    -0.093    -0.737    -0.196
1700720103  -17.836398   30.075590  1100.685       1.231     4.589     0.593     4.710
1700720105  -17.071369   31.038060  1258.673      -0.966    -3.850    -0.427    -3.939
1700720106  -17.480896   30.461597  1286.601      -6.161    -3.982    -5.549    -4.781
1700720107  -17.247163   31.357520  1010.390      -7.028    -3.028    -6.536    -3.956
1700720108  -17.647776   30.051248  1159.677      -1.986     1.760    -2.205     1.470
1700720114  -17.884670   30.975540  1448.032       0.156     3.058    -0.263     3.044
1700720116  -17.950514   30.638424  1407.283       0.126    -4.384     0.722    -4.318
1700720119  -16.577876   30.728351  1223.971       4.725    -0.400     4.728     0.255
1700720120  -18.044588   30.329861  1236.329      -0.325    -1.364    -0.135    -1.394
1700720123  -16.708823   30.782490  1267.876      -1.569    -0.547    -1.476    -0.757
1700720124  -17.813299   30.070594  1127.627       3.729     4.189     3.119     4.655
1700720125  -18.134592   30.373552  1208.262      -1.637    -0.693    -1.526    -0.908
1700720129  -18.055072   30.383233  1257.859       4.465     0.345     4.370     0.949
1700720131  -16.883037   31.130390  1246.379       2.880    -2.544     3.196    -2.120
1700720135  -16.728416   30.310375  1158.515       6.339    -2.935     6.675    -2.031
1700720136  -17.916505   30.987635  1424.094      -0.538    -4.182     0.038    -4.208
1700720139  -17.138507   31.397669  1191.128       3.324     0.002     3.285     0.457
1700720142  -17.124095   30.465645  1196.717       3.446    -1.857     3.664    -1.364
1700720145  -17.520670   30.415296  1335.211      -2.140    -5.895    -1.311    -6.123
1700720146  -17.910008   29.731221  1019.426      -2.261    -0.130    -2.220    -0.438
1700720149  -16.868135   30.680159  1191.289      -1.624     0.619    -1.691     0.389
1700720150  -17.851306   30.999124  1451.264      -2.618    -2.455    -2.254    -2.783
1700720153  -17.611648   30.062569  1183.148      -1.385    -4.148    -0.803    -4.295
1700720155  -18.123447   30.235453  1180.269      -2.098    -4.172    -1.508    -4.414
1700720160  -16.760492   30.824370  1339.821       0.801    -1.616     1.014    -1.487
1700720164  -17.827141   31.048349  1506.753      -3.491    -3.477    -2.977    -3.912
1700720165  -17.852463   31.087413  1499.670      -0.358     1.044    -0.496     0.984
1700720169  -17.865904   30.074259  1085.460      -5.006     6.938    -5.901     6.183
1700720170  -16.867646   30.637385  1172.810      -1.519    -4.137    -0.934    -4.301
1700720172  -16.534264   30.493708  1072.504       0.707     3.106     0.271     3.170
1700720173  -17.619100   30.421243  1419.184       1.087     6.939     0.127     7.011
1700720176  -17.139788   31.195784  1227.508       3.137     6.105     2.264     6.466
1700720179  -16.757340   30.410930  1059.955       4.444     0.644     4.308     1.249
1700720182  -17.416959   30.483651  1235.287       4.849    -0.690     4.891    -0.019
1700720184  -16.770590   30.162139  1162.747       3.773    -0.396     3.787     0.128
1700720186  -17.759779   31.088683  1540.544       2.898     1.846     2.612     2.219
1700720189  -16.577810   30.697719  1170.426       0.079     2.756    -0.301     2.737
1700720194  -16.663497   30.447334   861.951      -3.227    -1.785    -2.947    -2.211
1700720196  -18.199784   31.019570  1365.811      -0.571     2.186    -0.862     2.084
1700720201  -16.929788   30.097283  1125.426      -6.249     1.656    -6.410     0.779
1700720206  -16.631134   30.459849  1059.074      -2.039    -0.003    -2.017    -0.284
1700720211  -17.696462   30.156715  1252.913      -1.047     0.039    -1.041    -0.105
1700720212  -17.424025   30.359648  1239.958      -3.075     6.226    -3.894     5.738
1700720213  -17.122323   30.800475  1499.935      -2.773    -0.549    -2.666    -0.922
1700720219  -16.950429   30.696046  1261.633       4.146    -0.767     4.206    -0.189
1700720220  -17.843765   31.112693  1520.362       0.068     1.199    -0.097     1.195
1700720224  -17.792495   31.194436  1578.619      -2.108     0.677    -2.176     0.382
1700720228  -16.896051   31.072261  1282.759       1.398     0.592     1.300     0.777
1700720233  -17.834923   31.067790  1475.652       3.722    -0.247     3.712     0.263
1700720235  -16.651983   30.665910  1109.322      -1.068    -1.158    -0.897    -1.292
1700720236  -17.889581   31.004923  1429.869       2.814     2.679     2.417     3.031
1700720238  -17.004238   30.569211  1140.516       5.925    -1.372     6.050    -0.544
1700720239  -17.584842   30.100001  1200.760       5.147     5.808     4.300     6.451
1700720242  -16.939663   31.187565  1102.258      -5.470     3.517    -5.893     2.727
1700720245  -18.019638   30.427934  1250.271      -0.519     2.234    -0.818     2.140
1700720246  -17.562303   30.114763  1230.876       0.713     0.472     0.641     0.564
1700720251  -16.702969   30.923456  1404.787       1.154    -2.394     1.470    -2.208
1700720252  -16.918486   30.559054  1034.291       0.006     4.083    -0.555     4.040
1700720253  -17.608955   31.190617  1494.032       0.180    -1.485     0.380    -1.443
